0.6263443076923076
1.1004246153846153
1.574504923076923
2.048585230769231
2.522665538461539
2.9967458461538463
3.470826153846154
3.9449064615384617
4.418986769230769
4.893067076923077
5.367147384615384
5.841227692307692
6.797475615384616
7.2796432307692305
7.761810846153846
8.243978461538461
8.726146076923076
9.208313692307692
9.690481307692307
10.172648923076924
10.654816538461539
11.136984153846154
11.619151769230768
12.101319384615385
13.049660615384616
13.515834230769231
13.982007846153847
14.448181461538463
14.914355076923078
15.380528692307692
15.846702307692308
16.312875923076923
16.77904953846154
17.245223153846155
17.71139676923077
18.177570384615386
19.114395846153847
19.585047692307693
20.05569953846154
20.526351384615385
20.99700323076923
21.46765507692308
21.938306923076922
22.40895876923077
22.879610615384617
23.350262461538463
23.82091430769231
24.291566153846155
25.236508923076922
25.710799846153847
26.18509076923077
26.659381692307694
27.133672615384615
27.60796353846154
28.08225446153846
28.556545384615386
29.030836307692308
29.505127230769233
29.979418153846154
30.453709076923076
31.409692307692307
31.891384615384617
32.37307692307692
32.85476923076923
33.336461538461535
33.81815384615385
34.299846153846154
34.78153846153846
35.263230769230766
35.74492307692307
36.226615384615386
36.70830769230769
37.64997653846154
38.10995307692308
38.569929615384616
39.02990615384615
39.48988269230769
39.94985923076923
40.40983576923077
40.86981230769231
41.329788846153846
41.78976538461538
42.24974192307692
42.70971846153846
43.638688615384616
44.10768223076923
44.57667584615385
45.04566946153846
45.51466307692308
45.98365669230769
46.45265030769231
46.92164392307692
47.39063753846154
47.85963115384615
48.32862476923077
48.79761838461539
49.751103384615384
50.23559476923077
50.720086153846154
51.20457753846154
51.689068923076924
52.173560307692306
52.658051692307694
53.142543076923076
53.62703446153846
54.111525846153846
54.59601723076923
55.080508615384616
56.054923076923075
56.54484615384615
57.03476923076923
57.524692307692305
58.01461538461538
58.50453846153846
58.994461538461536
59.48438461538461
59.97430769230769
60.46423076923077
60.954153846153844
61.44407692307692
62.40075707692307
62.86751415384615
63.334271230769225
63.801028307692306
64.26778538461538
64.73454246153845
65.20129953846154
65.66805661538461
66.13481369230769
66.60157076923076
67.06832784615385
67.53508492307692
68.48230361538461
68.96276523076922
69.44322684615385
69.92368846153846
70.40415007692307
70.88461169230769
71.36507330769231
71.84553492307693
72.32599653846154
72.80645815384615
73.28691976923078
73.76738138461539
74.72638530769231
75.20492761538462
75.68346992307693
76.16201223076924
76.64055453846154
77.11909684615385
77.59763915384615
78.07618146153845
78.55472376923076
79.03326607692307
79.51180838461538
79.99035069230769
80.9575166153846
81.44614023076923
81.93476384615384
82.42338746153845
82.91201107692308
83.40063469230769
83.8892583076923
84.37788192307691
84.86650553846154
85.35512915384615
85.84375276923076
86.33237638461539
87.3003076923077
87.77961538461538
88.25892307692308
88.73823076923077
89.21753846153847
89.69684615384615
90.17615384615385
90.65546153846154
91.13476923076924
91.61407692307692
92.09338461538462
92.57269230769231
93.052
